       39
        1       -1000.00       -1.00100
        2       -1000.00       -1.00100
        3       -1000.00       -1.00100
        4      0.0491400        19.3500
        5      0.0538000        17.5874
        6      0.0584600        16.1057
        7      0.0631200        14.8428
        8      0.0670900        13.9054
        9      0.0710000        13.0845
       10      0.0749100        12.3494
       11      0.0788200        11.6871
       12      0.0827300        11.0875
       13      0.0862700        10.5915
       14      0.0897600        10.1408
       15      0.0932500        9.72386
       16      0.0967500        9.33592
       17       0.100200        8.98004
       18       0.103500        8.66184
       19       0.106700        8.37207
       20       0.109900        8.09918
       21       0.113100        7.84173
       22       0.116300        7.59845
       23       0.119400        7.37521
       24       0.122400        7.16993
       25       0.125400        6.97448
       26       0.128500        6.78210
       27       0.131500        6.60456
       28       0.134300        6.44602
       29       0.137200        6.28863
       30       0.140000        6.14286
       31       0.142900        5.99790
       32       0.145700        5.86342
       33       0.148500        5.73401
       34       0.151200        5.61376
       35       0.153900        5.49773
       36       0.156600        5.38570
       37       0.159300        5.27746
       38       0.162000        5.17284
       39       0.164600        5.07533
